19 0.926 0.6266666666666667 0.148 0.20266666666666666
19 0.558 0.632 0.176 0.112
19 0.31 0.6506666666666666 0.056 0.17066666666666666
19 0.203 0.6906666666666667 0.202 0.2613333333333333
19 0.056 0.696 0.108 0.2773333333333333
0 0.639 0.68 0.022 0.07466666666666667
0 0.562 0.68 0.012 0.06933333333333333
0 0.551 0.6693333333333333 0.01 0.032
0 0.521 0.6826666666666666 0.018 0.07466666666666667
0 0.503 0.6826666666666666 0.018 0.064
0 0.42 0.6866666666666666 0.016 0.06666666666666667
0 0.383 0.6933333333333334 0.018 0.09066666666666667
0 0.363 0.6906666666666667 0.014 0.07466666666666667
