0 0.985 0.6816816816816816 0.03 0.3183183183183183
0 0.922 0.6696696696696697 0.072 0.36036036036036034
0 0.858 0.5900900900900901 0.04 0.26126126126126126
0 0.89 0.5795795795795796 0.02 0.2222222222222222
0 0.842 0.6171171171171171 0.036 0.2552552552552553
0 0.829 0.6681681681681682 0.03 0.17117117117117117
0 0.774 0.6351351351351351 0.056 0.32732732732732733
0 0.71 0.6321321321321322 0.1 0.24924924924924924
0 0.021 0.6876876876876877 0.038 0.45645645645645644
0 0.034 0.5315315315315315 0.064 0.4024024024024024
1 0.107 0.521021021021021 0.094 0.1891891891891892
19 0.449 0.44894894894894893 0.63 0.7717717717717718
