0 0.034 0.6861861861861862 0.06 0.21921921921921922
0 0.088 0.6531531531531531 0.096 0.19519519519519518
0 0.124 0.6636636636636637 0.056 0.18618618618618618
0 0.175 0.7072072072072072 0.05 0.2672672672672673
0 0.251 0.6441441441441441 0.07 0.2132132132132132
0 0.962 0.6501501501501501 0.032 0.10510510510510511
2 0.371 0.6531531531531531 0.046 0.12312312312312312
2 0.333 0.6486486486486487 0.054 0.13813813813813813
2 0.472 0.6441441441441441 0.036 0.11711711711711711
18 0.408 0.6606606606606606 0.064 0.10810810810810811
