9 0.295 0.6355421686746988 0.334 0.30120481927710846
9 0.435 0.6099397590361446 0.202 0.15963855421686746
9 0.59 0.6295180722891566 0.24 0.3072289156626506
9 0.682 0.6475903614457831 0.308 0.35542168674698793
9 0.809 0.6626506024096386 0.226 0.2289156626506024
0 0.28 0.5436746987951807 0.076 0.286144578313253
0 0.458 0.5587349397590361 0.056 0.25
0 0.592 0.4427710843373494 0.076 0.12650602409638553
0 0.68 0.5180722891566265 0.08 0.3072289156626506
0 0.783 0.4864457831325301 0.074 0.18373493975903615
