4 0.091 0.49534883720930234 0.058 0.14418604651162792
4 0.148 0.5 0.052 0.14418604651162792
4 0.21 0.5 0.064 0.14418604651162792
4 0.19 0.2813953488372093 0.08 0.3023255813953488
4 0.268 0.3813953488372093 0.048 0.08372093023255814
4 0.27 0.49534883720930234 0.06 0.14418604651162792
4 0.328 0.49534883720930234 0.056 0.14418604651162792
4 0.386 0.4511627906976744 0.06 0.09302325581395349
4 0.439 0.4511627906976744 0.054 0.11162790697674418
4 0.493 0.4441860465116279 0.058 0.11627906976744186
4 0.546 0.4 0.056 0.15813953488372093
4 0.608 0.3767441860465116 0.064 0.21395348837209302
4 0.662 0.3581395348837209 0.064 0.16744186046511628
4 0.718 0.3186046511627907 0.068 0.17209302325581396
4 0.762 0.28837209302325584 0.052 0.17674418604651163
4 0.806 0.2534883720930233 0.048 0.16279069767441862
4 0.846 0.19534883720930232 0.044 0.21395348837209302
4 0.693 0.5674418604651162 0.046 0.06511627906976744
4 0.727 0.6534883720930232 0.05 0.13488372093023257
4 0.65 0.5651162790697675 0.06 0.12558139534883722
4 0.603 0.6023255813953489 0.058 0.12558139534883722
4 0.561 0.5046511627906977 0.07 0.10697674418604651
4 0.482 0.5651162790697675 0.068 0.17209302325581396
4 0.391 0.5558139534883721 0.106 0.2
4 0.298 0.6232558139534884 0.088 0.13023255813953488
4 0.195 0.6488372093023256 0.11 0.19069767441860466
4 0.682 0.6627906976744186 0.056 0.12558139534883722
4 0.677 0.7813953488372093 0.062 0.16744186046511628
4 0.615 0.8093023255813954 0.062 0.14883720930232558
4 0.564 0.7395348837209302 0.052 0.17674418604651163
4 0.493 0.7511627906976744 0.078 0.20930232558139536
4 0.414 0.6813953488372093 0.044 0.06046511627906977
4 0.368 0.6813953488372093 0.044 0.07906976744186046
4 0.44 0.7604651162790698 0.036 0.11627906976744186
4 0.39 0.7906976744186046 0.076 0.16744186046511628
4 0.321 0.7790697674418605 0.062 0.19069767441860466
4 0.219 0.8511627906976744 0.158 0.27906976744186046
