18 0.397 0.8018018018018018 0.746 0.3963963963963964
0 0.79 0.575075075075075 0.204 0.4894894894894895
0 0.622 0.42792792792792794 0.196 0.33933933933933935
0 0.33 0.49099099099099097 0.14 0.23123123123123124
0 0.5 0.5 0.152 0.2132132132132132
0 0.137 0.6651651651651652 0.254 0.6696696696696697
3 0.167 0.6081081081081081 0.046 0.2072072072072072
3 0.235 0.5915915915915916 0.034 0.12012012012012012
3 0.27 0.5765765765765766 0.032 0.10810810810810811
3 0.539 0.5675675675675675 0.034 0.09009009009009009
2 0.886 0.7117117117117117 0.18 0.27627627627627627
