19 0.888 0.168 0.224 0.3253333333333333
19 0.663 0.10533333333333333 0.234 0.20533333333333334
19 0.271 0.08666666666666667 0.214 0.16266666666666665
0 0.935 0.16266666666666665 0.05 0.20266666666666666
0 0.672 0.16933333333333334 0.052 0.184
0 0.491 0.156 0.05 0.14133333333333334
0 0.437 0.148 0.046 0.14133333333333334
0 0.398 0.17066666666666666 0.036 0.096
0 0.283 0.13066666666666665 0.046 0.09066666666666667
0 0.138 0.12266666666666666 0.04 0.10133333333333333
0 0.174 0.10933333333333334 0.04 0.12266666666666666
0 0.109 0.124 0.026 0.10933333333333334
0 0.089 0.12933333333333333 0.038 0.104
0 0.02 0.116 0.036 0.136
0 0.053 0.12 0.042 0.13333333333333333
