0 0.816 0.168 0.056 0.18666666666666668
0 0.742 0.132 0.04 0.22133333333333333
0 0.704 0.124 0.04 0.20533333333333334
0 0.586 0.096 0.06 0.18133333333333335
0 0.521 0.07866666666666666 0.042 0.152
0 0.305 0.332 0.142 0.28
0 0.492 0.3426666666666667 0.096 0.23733333333333334
0 0.126 0.7586666666666667 0.144 0.23733333333333334
0 0.182 0.912 0.14 0.176
9 0.518 0.5186666666666667 0.312 0.49866666666666665
9 0.324 0.4613333333333333 0.204 0.45866666666666667
9 0.217 0.8186666666666667 0.43 0.3626666666666667
9 0.348 0.9 0.212 0.2
