11 0.714 0.6466666666666666 0.188 0.25866666666666666
11 0.467 0.6653333333333333 0.23 0.3973333333333333
11 0.278 0.5453333333333333 0.084 0.16266666666666665
11 0.206 0.492 0.064 0.11466666666666667
0 0.712 0.5213333333333333 0.132 0.21066666666666667
0 0.451 0.564 0.126 0.36533333333333334
0 0.282 0.4866666666666667 0.064 0.168
0 0.214 0.46 0.044 0.11466666666666667
1 0.061 0.5093333333333333 0.118 0.14933333333333335
1 0.105 0.4493333333333333 0.05 0.050666666666666665
1 0.754 0.5373333333333333 0.232 0.14666666666666667
1 0.044 0.7613333333333333 0.084 0.424
11 0.16 0.4613333333333333 0.024 0.058666666666666666
11 0.35 0.5026666666666667 0.044 0.10933333333333334
