1 0.515 0.5435435435435435 0.954 0.7267267267267268
1 0.951 0.41291291291291293 0.098 0.2912912912912913
1 0.824 0.3813813813813814 0.184 0.09009009009009009
13 0.074 0.25825825825825827 0.068 0.08408408408408409
0 0.085 0.2972972972972973 0.062 0.1021021021021021
0 0.666 0.3183183183183183 0.048 0.1021021021021021
0 0.767 0.31681681681681684 0.026 0.09309309309309309
0 0.816 0.35135135135135137 0.044 0.14414414414414414
0 0.861 0.3138138138138138 0.03 0.057057057057057055
0 0.884 0.4009009009009009 0.044 0.1111111111111111
