1 0.782 0.7612612612612613 0.296 0.23123123123123124
1 0.252 0.7297297297297297 0.076 0.0960960960960961
1 0.345 0.7492492492492493 0.114 0.0990990990990991
1 0.185 0.7282282282282282 0.082 0.06906906906906907
1 0.474 0.7357357357357357 0.148 0.10810810810810811
0 0.45 0.7342342342342343 0.044 0.14714714714714713
0 0.414 0.7342342342342343 0.04 0.16516516516516516
0 0.979 0.8003003003003003 0.042 0.3153153153153153
0 0.952 0.7402402402402403 0.032 0.13513513513513514
0 0.93 0.7372372372372372 0.032 0.13513513513513514
1 0.027 0.7297297297297297 0.046 0.16216216216216217
