18 0.504 0.518 0.992 0.952
2 0.17466666666666666 0.128 0.16266666666666665 0.22
2 0.27066666666666667 0.086 0.088 0.152
2 0.6746666666666666 0.063 0.06933333333333333 0.078
2 0.7013333333333334 0.116 0.064 0.068
2 0.772 0.12 0.12533333333333332 0.124
2 0.7826666666666666 0.186 0.09866666666666667 0.108
2 0.8853333333333333 0.194 0.18133333333333335 0.164
2 0.9093333333333333 0.272 0.18133333333333335 0.224
3 0.5106666666666667 0.036 0.04533333333333334 0.068
3 0.5106666666666667 0.266 0.09333333333333334 0.26
