1 0.592 0.8917112299465241 0.096 0.07754010695187166
1 0.769 0.856951871657754 0.054 0.05080213903743316
1 0.887 0.8663101604278075 0.082 0.058823529411764705
1 0.955 0.8649732620320856 0.074 0.05614973262032086
1 0.859 0.8262032085561497 0.042 0.053475935828877004
1 0.665 0.8649732620320856 0.058 0.07219251336898395
1 0.594 0.8288770053475936 0.036 0.0427807486631016
1 0.469 0.8890374331550802 0.07 0.06684491978609626
1 0.377 0.8489304812834224 0.054 0.06149732620320856
1 0.237 0.8516042780748663 0.082 0.045454545454545456
1 0.197 0.8114973262032086 0.05 0.045454545454545456
0 0.337 0.9077540106951871 0.07 0.18449197860962566
0 0.2 0.9278074866310161 0.052 0.1443850267379679
0 0.252 0.929144385026738 0.052 0.14171122994652408
0 0.285 0.9224598930481284 0.054 0.15508021390374332
