0 0.925 0.8066666666666666 0.15 0.38666666666666666
0 0.548 0.6653333333333333 0.304 0.632
0 0.408 0.5546666666666666 0.232 0.37333333333333335
0 0.106 0.44 0.208 0.21866666666666668
18 0.347 0.7586666666666667 0.69 0.4826666666666667
2 0.732 0.788 0.144 0.424
2 0.253 0.48533333333333334 0.094 0.06933333333333333
4 0.49 0.3506666666666667 0.1 0.152
4 0.473 0.18933333333333333 0.098 0.14933333333333335
4 0.383 0.20666666666666667 0.066 0.168
4 0.344 0.108 0.096 0.16266666666666665
4 0.341 0.4106666666666667 0.07 0.16
