4 0.105 0.15466666666666667 0.206 0.304
0 0.887 0.316 0.226 0.36533333333333334
0 0.759 0.732 0.482 0.536
0 0.239 0.6986666666666667 0.474 0.6026666666666667
0 0.039 0.364 0.074 0.17866666666666667
0 0.215 0.27066666666666667 0.198 0.30666666666666664
0 0.422 0.252 0.168 0.216
0 0.591 0.25866666666666666 0.246 0.2986666666666667
2 0.719 0.32666666666666666 0.03 0.104
2 0.352 0.324 0.02 0.072
2 0.104 0.372 0.06 0.14666666666666667
2 0.996 0.41733333333333333 0.008 0.10933333333333334
18 0.508 0.68 0.984 0.64
