11 0.246 0.6531531531531531 0.244 0.6456456456456456
0 0.247 0.44294294294294295 0.222 0.7957957957957958
0 0.502 0.5690690690690691 0.08 0.30930930930930933
0 0.76 0.6666666666666666 0.184 0.2222222222222222
0 0.948 0.5765765765765766 0.068 0.34234234234234234
0 0.638 0.5885885885885885 0.04 0.23423423423423423
0 0.795 0.5840840840840841 0.054 0.21921921921921922
0 0.849 0.5180180180180181 0.066 0.09309309309309309
0 0.072 0.5645645645645646 0.08 0.2702702702702703
11 0.86 0.6471471471471472 0.076 0.21921921921921922
11 0.491 0.6471471471471472 0.142 0.15915915915915915
11 0.383 0.6636636636636637 0.082 0.09009009009009009
0 0.023 0.6396396396396397 0.042 0.14414414414414414
