3 0.352 0.48133333333333334 0.032 0.168
3 0.604 0.884 0.056 0.232
13 0.914 0.4106666666666667 0.172 0.288
0 0.771 0.6066666666666667 0.458 0.7866666666666666
0 0.269 0.6746666666666666 0.414 0.6506666666666666
3 0.753 0.04 0.018 0.07466666666666667
3 0.772 0.04 0.016 0.07466666666666667
3 0.788 0.04133333333333333 0.016 0.07733333333333334
3 0.802 0.04 0.016 0.07466666666666667
3 0.82 0.04 0.016 0.07466666666666667
3 0.837 0.04 0.018 0.07466666666666667
3 0.852 0.04 0.016 0.07466666666666667
3 0.867 0.04 0.014 0.07466666666666667
3 0.932 0.042666666666666665 0.02 0.08
3 0.917 0.04133333333333333 0.022 0.07733333333333334
3 0.884 0.04 0.016 0.07466666666666667
3 0.896 0.03866666666666667 0.024 0.072
7 0.295 0.7 0.586 0.6
