17 0.649 0.4391025641025641 0.594 0.1858974358974359
17 0.338 0.39903846153846156 0.048 0.16987179487179488
0 0.094 0.4855769230769231 0.028 0.125
0 0.122 0.4775641025641026 0.028 0.10897435897435898
0 0.144 0.4823717948717949 0.016 0.11217948717948718
0 0.175 0.46153846153846156 0.022 0.07051282051282051
0 0.157 0.46153846153846156 0.018 0.07051282051282051
0 0.413 0.48878205128205127 0.042 0.1955128205128205
0 0.052 0.48878205128205127 0.052 0.1891025641025641
17 0.162 0.4166666666666667 0.316 0.14743589743589744
