3 0.085 0.6 0.074 0.2613333333333333
3 0.222 0.5493333333333333 0.068 0.2986666666666667
3 0.299 0.5253333333333333 0.07 0.25066666666666665
3 0.37 0.516 0.056 0.216
3 0.43 0.5053333333333333 0.064 0.20533333333333334
3 0.494 0.5293333333333333 0.048 0.22133333333333333
3 0.547 0.5506666666666666 0.05 0.2853333333333333
3 0.604 0.5573333333333333 0.056 0.288
3 0.662 0.564 0.06 0.2906666666666667
3 0.724 0.5653333333333334 0.052 0.288
3 0.786 0.576 0.068 0.2826666666666667
3 0.488 0.82 0.14 0.3546666666666667
3 0.606 0.8493333333333334 0.132 0.30133333333333334
0 0.133 0.30266666666666664 0.218 0.4186666666666667
0 0.315 0.18933333333333333 0.094 0.2613333333333333
0 0.663 0.31466666666666665 0.17 0.288
0 0.436 0.3933333333333333 0.18 0.27466666666666667
0 0.672 0.424 0.156 0.24
0 0.8 0.32266666666666666 0.108 0.2826666666666667
0 0.721 0.296 0.114 0.26666666666666666
0 0.44 0.2826666666666667 0.228 0.33066666666666666
0 0.928 0.30266666666666664 0.116 0.21066666666666667
0 0.864 0.2946666666666667 0.068 0.168
0 0.97 0.30933333333333335 0.06 0.17066666666666666
0 0.299 0.2853333333333333 0.114 0.18666666666666668
0 0.037 0.2 0.07 0.39466666666666667
