18 0.642 0.784 0.188 0.208
2 0.545 0.7653333333333333 0.054 0.22933333333333333
2 0.586 0.7706666666666667 0.06 0.21866666666666668
2 0.718 0.6853333333333333 0.028 0.02666666666666667
3 0.687 0.656 0.05 0.037333333333333336
3 0.684 0.724 0.052 0.050666666666666665
3 0.684 0.7866666666666666 0.056 0.05333333333333334
3 0.678 0.848 0.06 0.05333333333333334
3 0.748 0.8306666666666667 0.064 0.14133333333333334
3 0.753 0.9493333333333334 0.07 0.10133333333333333
3 0.676 0.96 0.052 0.08
7 0.203 0.7653333333333333 0.154 0.224
2 0.143 0.664 0.102 0.09066666666666667
