3 0.286 0.16216216216216217 0.076 0.2882882882882883
3 0.226 0.1906906906906907 0.076 0.16516516516516516
3 0.179 0.33483483483483484 0.074 0.32732732732732733
3 0.25 0.36936936936936937 0.1 0.39039039039039036
3 0.074 0.38288288288288286 0.096 0.33933933933933935
3 0.355 0.5285285285285285 0.102 0.3663663663663664
3 0.477 0.4864864864864865 0.09 0.36036036036036034
3 0.566 0.5915915915915916 0.096 0.3783783783783784
3 0.664 0.566066066066066 0.096 0.37537537537537535
3 0.758 0.6051051051051051 0.116 0.37537537537537535
