8 0.521 0.6212574850299402 0.102 0.27844311377245506
8 0.924 0.6332335329341318 0.092 0.2964071856287425
8 0.605 0.594311377245509 0.086 0.23652694610778444
8 0.673 0.5449101796407185 0.05 0.2275449101796407
8 0.396 0.6781437125748503 0.104 0.3023952095808383
8 0.2 0.4565868263473054 0.068 0.15269461077844312
0 0.912 0.5 0.104 0.4431137724550898
0 0.512 0.47754491017964074 0.096 0.38622754491017963
0 0.6 0.46706586826347307 0.084 0.33532934131736525
0 0.198 0.38772455089820357 0.064 0.23053892215568864
0 0.642 0.3592814371257485 0.068 0.19161676646706588
0 0.725 0.4236526946107784 0.062 0.3383233532934132
0 0.772 0.40718562874251496 0.04 0.32934131736526945
0 0.938 0.31736526946107785 0.056 0.19161676646706588
0 0.689 0.4026946107784431 0.058 0.3143712574850299
0 0.116 0.49850299401197606 0.088 0.47005988023952094
0 0.286 0.35778443113772457 0.044 0.2245508982035928
0 0.058 0.4595808383233533 0.072 0.44011976047904194
0 0.493 0.27095808383233533 0.018 0.05688622754491018
0 0.465 0.24550898203592814 0.022 0.05389221556886228
0 0.446 0.28892215568862273 0.04 0.11676646706586827
0 0.41 0.27994011976047906 0.024 0.038922155688622756
0 0.325 0.36227544910179643 0.034 0.23353293413173654
0 0.244 0.36077844311377244 0.052 0.218562874251497
0 0.207 0.2694610778443114 0.03 0.0718562874251497
0 0.018 0.3502994011976048 0.032 0.11976047904191617
