1 0.554 0.6156156156156156 0.552 0.43243243243243246
1 0.292 0.4069069069069069 0.12 0.1111111111111111
0 0.178 0.551051051051051 0.12 0.5675675675675675
1 0.47 0.2897897897897898 0.088 0.03903903903903904
1 0.536 0.2882882882882883 0.092 0.042042042042042045
1 0.629 0.29429429429429427 0.094 0.05405405405405406
1 0.681 0.29429429429429427 0.07 0.05405405405405406
1 0.727 0.2957957957957958 0.09 0.05105105105105105
1 0.817 0.2972972972972973 0.114 0.07807807807807808
1 0.856 0.30180180180180183 0.092 0.06306306306306306
1 0.929 0.3033033033033033 0.114 0.08408408408408409
1 0.973 0.3078078078078078 0.054 0.08108108108108109
