11 0.6651651651651652 0.593 0.6696696696696697 0.814
0 0.5420420420420421 0.464 0.6876876876876877 0.92
0 0.15465465465465467 0.245 0.2072072072072072 0.302
0 0.1906906906906907 0.163 0.09309309309309309 0.182
0 0.27627627627627627 0.15 0.07807807807807808 0.176
0 0.2972972972972973 0.133 0.04804804804804805 0.07
0 0.32432432432432434 0.168 0.12012012012012012 0.128
0 0.03003003003003003 0.276 0.04804804804804805 0.224
0 0.8633633633633634 0.111 0.09309309309309309 0.126
0 0.9324324324324325 0.167 0.06906906906906907 0.078
