3 0.799 0.7027027027027027 0.062 0.21021021021021022
0 0.948 0.4624624624624625 0.104 0.5105105105105106
0 0.672 0.5915915915915916 0.404 0.8168168168168168
0 0.467 0.5075075075075075 0.93 0.984984984984985
0 0.106 0.28378378378378377 0.208 0.3633633633633634
0 0.891 0.35585585585585583 0.05 0.16516516516516516
0 0.734 0.487987987987988 0.092 0.2732732732732733
0 0.769 0.35285285285285284 0.074 0.10510510510510511
0 0.203 0.33183183183183185 0.062 0.12312312312312312
0 0.513 0.3783783783783784 0.046 0.12012012012012012
0 0.552 0.44294294294294295 0.044 0.057057057057057055
0 0.476 0.4084084084084084 0.128 0.17417417417417416
