8 0.521 0.7067039106145251 0.43 0.4022346368715084
0 0.522 0.5167597765363129 0.252 0.6536312849162011
0 0.092 0.3407821229050279 0.088 0.27932960893854747
0 0.095 0.31145251396648044 0.166 0.3324022346368715
0 0.182 0.3715083798882682 0.108 0.2011173184357542
0 0.204 0.2430167597765363 0.092 0.2011173184357542
0 0.247 0.3324022346368715 0.062 0.22346368715083798
0 0.306 0.2751396648044693 0.1 0.26536312849162014
0 0.279 0.4259776536312849 0.074 0.08100558659217877
0 0.387 0.3756983240223464 0.09 0.164804469273743
0 0.552 0.23324022346368714 0.076 0.13128491620111732
0 0.708 0.36033519553072624 0.136 0.18435754189944134
0 0.822 0.2918994413407821 0.1 0.3100558659217877
0 0.924 0.3226256983240223 0.096 0.22625698324022347
0 0.93 0.2723463687150838 0.116 0.32122905027932963
