8 0.472 0.7230538922155688 0.488 0.4161676646706587
8 0.853 0.4356287425149701 0.294 0.344311377245509
8 0.341 0.3023952095808383 0.294 0.41317365269461076
8 0.786 0.27694610778443113 0.384 0.4820359281437126
8 0.239 0.15868263473053892 0.142 0.31137724550898205
0 0.524 0.14221556886227546 0.096 0.27245508982035926
0 0.303 0.24550898203592814 0.178 0.48502994011976047
0 0.489 0.5059880239520959 0.302 0.46706586826347307
0 0.145 0.655688622754491 0.182 0.5988023952095808
0 0.103 0.8922155688622755 0.166 0.16766467065868262
0 0.446 0.8667664670658682 0.124 0.1347305389221557
0 0.145 0.5658682634730539 0.174 0.6467065868263473
0 0.826 0.3413173652694611 0.236 0.6706586826347305
0 0.764 0.2634730538922156 0.108 0.5209580838323353
0 0.089 0.2440119760479042 0.174 0.4820359281437126
