3 0.488 0.743 0.12266666666666666 0.198
3 0.272 0.676 0.16533333333333333 0.216
3 0.30933333333333335 0.613 0.13333333333333333 0.202
3 0.42133333333333334 0.659 0.10666666666666667 0.214
3 0.532 0.627 0.12 0.238
3 0.564 0.484 0.14666666666666667 0.28
3 0.7773333333333333 0.416 0.12 0.204
3 0.6706666666666666 0.411 0.104 0.258
3 0.5933333333333334 0.457 0.088 0.194
3 0.4026666666666667 0.541 0.12266666666666666 0.154
3 0.316 0.484 0.09866666666666667 0.156
3 0.344 0.396 0.10666666666666667 0.156
3 0.37466666666666665 0.352 0.07733333333333334 0.116
3 0.43466666666666665 0.315 0.08 0.13
3 0.45466666666666666 0.434 0.07733333333333334 0.108
3 0.44 0.51 0.11733333333333333 0.2
3 0.6013333333333334 0.359 0.06666666666666667 0.146
3 0.616 0.281 0.064 0.134
3 0.6426666666666667 0.233 0.07466666666666667 0.122
3 0.7133333333333334 0.22 0.050666666666666665 0.04
3 0.716 0.31 0.07733333333333334 0.136
3 0.8426666666666667 0.328 0.07466666666666667 0.156
3 0.82 0.376 0.072 0.184
3 0.7746666666666666 0.268 0.056 0.092
3 0.44666666666666666 0.263 0.08266666666666667 0.118
