8 0.809 0.6045454545454545 0.17 0.1606060606060606
8 0.941 0.6015151515151516 0.094 0.2515151515151515
8 0.633 0.5 0.186 0.32727272727272727
8 0.438 0.6363636363636364 0.22 0.30303030303030304
8 0.286 0.48484848484848486 0.06 0.12121212121212122
8 0.077 0.5909090909090909 0.146 0.2606060606060606
0 0.952 0.5575757575757576 0.096 0.4303030303030303
0 0.821 0.5303030303030303 0.11 0.23636363636363636
0 0.61 0.5545454545454546 0.136 0.42424242424242425
0 0.47 0.5303030303030303 0.156 0.5272727272727272
0 0.095 0.4772727272727273 0.114 0.39090909090909093
0 0.345 0.4681818181818182 0.05 0.1606060606060606
