0 0.3213213213213213 0.427 0.6366366366366366 0.758
0 0.545045045045045 0.862 0.8198198198198198 0.276
0 0.8813813813813813 0.586 0.2132132132132132 0.364
0 0.7642642642642643 0.61 0.2132132132132132 0.272
0 0.8078078078078078 0.437 0.16816816816816818 0.154
0 0.7672672672672672 0.401 0.057057057057057055 0.05
0 0.7237237237237237 0.391 0.042042042042042045 0.05
0 0.6111111111111112 0.55 0.22522522522522523 0.348
0 0.40540540540540543 0.511 0.29429429429429427 0.394
0 0.493993993993994 0.509 0.1891891891891892 0.358
0 0.05105105105105105 0.289 0.0960960960960961 0.206
