4 0.08136094674556213 0.264 0.1390532544378698 0.112
4 0.26627218934911245 0.404 0.11834319526627218 0.1
4 0.4970414201183432 0.531 0.13609467455621302 0.106
4 0.7485207100591716 0.41 0.13609467455621302 0.104
4 0.08431952662721894 0.756 0.15088757396449703 0.176
4 0.16715976331360946 0.879 0.10355029585798817 0.142
4 0.2958579881656805 0.879 0.08875739644970414 0.134
4 0.3742603550295858 0.667 0.13313609467455623 0.102
4 0.3801775147928994 0.575 0.12721893491124261 0.126
4 0.6464497041420119 0.575 0.13313609467455623 0.098
4 0.636094674556213 0.657 0.1301775147928994 0.094
4 0.8313609467455622 0.869 0.09467455621301775 0.15
4 0.772189349112426 0.864 0.15384615384615385 0.148
