11 0.114 0.536 0.188 0.18133333333333335
11 0.757 0.544 0.09 0.23466666666666666
11 0.96 0.5373333333333333 0.08 0.22133333333333333
11 0.438 0.552 0.06 0.176
1 0.987 0.66 0.026 0.3546666666666667
11 0.624 0.6573333333333333 0.184 0.248
1 0.393 0.5146666666666667 0.11 0.16
0 0.865 0.4706666666666667 0.046 0.248
0 0.833 0.5293333333333333 0.094 0.33866666666666667
0 0.66 0.5826666666666667 0.108 0.42933333333333334
0 0.58 0.42533333333333334 0.06 0.11466666666666667
0 0.503 0.5093333333333333 0.09 0.30933333333333335
0 0.418 0.5053333333333333 0.052 0.25333333333333335
0 0.16 0.516 0.076 0.27466666666666667
