18 0.4746666666666667 0.735 0.768 0.53
18 0.572 0.301 0.536 0.342
18 0.628 0.095 0.3973333333333333 0.182
3 0.632 0.083 0.048 0.062
3 0.544 0.274 0.08533333333333333 0.136
0 0.32666666666666666 0.1 0.216 0.192
0 0.25733333333333336 0.189 0.27466666666666667 0.226
0 0.264 0.306 0.26666666666666666 0.268
0 0.19333333333333333 0.564 0.38133333333333336 0.408
0 0.09466666666666666 0.881 0.17333333333333334 0.226
0 0.8106666666666666 0.127 0.2613333333333333 0.242
0 0.9213333333333333 0.284 0.15733333333333333 0.472
0 0.92 0.498 0.16 0.504
