10 0.501 0.47333333333333333 0.998 0.936
10 0.477 0.5053333333333333 0.142 0.06666666666666667
10 0.702 0.5386666666666666 0.212 0.096
10 0.906 0.548 0.184 0.09333333333333334
19 0.813 0.828 0.374 0.25333333333333335
1 0.33 0.9133333333333333 0.064 0.08266666666666667
0 0.976 0.9 0.048 0.2
0 0.919 0.9066666666666666 0.05 0.18666666666666668
0 0.848 0.9106666666666666 0.06 0.17866666666666667
0 0.823 0.896 0.042 0.20266666666666666
0 0.75 0.908 0.06 0.184
0 0.604 0.8946666666666667 0.064 0.21066666666666667
0 0.646 0.9173333333333333 0.044 0.16533333333333333
0 0.532 0.9066666666666666 0.076 0.18666666666666668
0 0.483 0.908 0.058 0.184
0 0.429 0.912 0.058 0.176
0 0.402 0.9066666666666666 0.04 0.18666666666666668
0 0.365 0.9106666666666666 0.046 0.168
0 0.275 0.9106666666666666 0.074 0.17866666666666667
0 0.222 0.9053333333333333 0.092 0.18933333333333333
0 0.127 0.9026666666666666 0.07 0.18933333333333333
0 0.068 0.9173333333333333 0.048 0.16533333333333333
0 0.028 0.9146666666666666 0.044 0.17066666666666666
