2 0.934 0.6071428571428571 0.104 0.18
2 0.809 0.53 0.07 0.07714285714285714
2 0.616 0.7471428571428571 0.172 0.12285714285714286
2 0.19 0.8857142857142857 0.164 0.22857142857142856
2 0.203 0.6914285714285714 0.162 0.17714285714285713
2 0.409 0.6585714285714286 0.142 0.18
2 0.31 0.5442857142857143 0.048 0.07714285714285714
2 0.369 0.5885714285714285 0.058 0.09714285714285714
2 0.698 0.55 0.076 0.12285714285714286
18 0.603 0.8828571428571429 0.406 0.21142857142857144
18 0.289 0.6671428571428571 0.19 0.18571428571428572
