18 0.531 0.6465256797583081 0.838 0.7069486404833837
2 0.895 0.6691842900302115 0.174 0.4743202416918429
2 0.773 0.4652567975830816 0.126 0.39274924471299094
2 0.721 0.3716012084592145 0.078 0.283987915407855
2 0.664 0.30966767371601206 0.064 0.21450151057401812
2 0.463 0.23413897280966767 0.126 0.1299093655589124
2 0.26 0.32326283987915405 0.052 0.2054380664652568
2 0.228 0.38821752265861026 0.088 0.28700906344410876
2 0.194 0.4879154078549849 0.116 0.4078549848942598
2 0.108 0.7114803625377644 0.156 0.5166163141993958
2 0.053 0.36253776435045315 0.102 0.23564954682779457
2 0.309 0.2326283987915408 0.106 0.18126888217522658
