0 0.691 0.576 0.266 0.7733333333333333
0 0.249 0.6066666666666667 0.294 0.712
0 0.743 0.23066666666666666 0.038 0.168
0 0.812 0.23066666666666666 0.036 0.10933333333333334
0 0.829 0.252 0.034 0.088
0 0.861 0.276 0.046 0.10933333333333334
18 0.447 0.7333333333333333 0.41 0.5013333333333333
18 0.852 0.47733333333333333 0.172 0.16
18 0.919 0.39066666666666666 0.162 0.104
18 0.787 0.3373333333333333 0.126 0.104
0 0.986 0.30133333333333334 0.028 0.13333333333333333
2 0.826 0.7 0.296 0.584
2 0.155 0.712 0.306 0.5706666666666667
2 0.817 0.7826666666666666 0.366 0.43466666666666665
2 0.052 0.7853333333333333 0.1 0.42933333333333334
