0 0.597 0.576 0.098 0.6346666666666667
0 0.552 0.6213333333333333 0.236 0.5706666666666667
0 0.36 0.7146666666666667 0.188 0.48
0 0.883 0.49733333333333335 0.206 0.5573333333333333
0 0.618 0.22133333333333333 0.112 0.24
0 0.208 0.25066666666666665 0.136 0.23466666666666666
0 0.093 0.608 0.182 0.656
0 0.226 0.6226666666666667 0.176 0.6586666666666666
0 0.411 0.5706666666666667 0.122 0.48
0 0.33 0.31866666666666665 0.16 0.36
0 0.483 0.31866666666666665 0.162 0.28
0 0.684 0.37866666666666665 0.128 0.35733333333333334
0 0.788 0.37066666666666664 0.128 0.42133333333333334
0 0.7 0.744 0.176 0.3893333333333333
0 0.875 0.728 0.198 0.44266666666666665
