9 0.667 0.7170818505338078 0.426 0.45907473309608543
6 0.366 0.47153024911032027 0.048 0.12455516014234876
0 0.324 0.5106761565836299 0.192 0.5587188612099644
0 0.909 0.23843416370106763 0.058 0.26334519572953735
0 0.844 0.22419928825622776 0.032 0.24199288256227758
0 0.816 0.19395017793594305 0.028 0.11743772241992882
0 0.694 0.24199288256227758 0.048 0.25622775800711745
0 0.56 0.31494661921708184 0.056 0.2526690391459075
0 0.538 0.26868327402135234 0.04 0.28825622775800713
0 0.491 0.2846975088967972 0.03 0.13523131672597866
0 0.439 0.3202846975088968 0.046 0.20640569395017794
0 0.373 0.3167259786476868 0.05 0.18505338078291814
