1 0.065 0.448 0.09 0.064
1 0.35 0.44533333333333336 0.04 0.05333333333333334
1 0.381 0.43866666666666665 0.042 0.04533333333333334
1 0.415 0.448 0.034 0.048
1 0.466 0.45466666666666666 0.06 0.056
1 0.528 0.4573333333333333 0.052 0.056
1 0.568 0.46 0.044 0.06133333333333333
1 0.62 0.4653333333333333 0.068 0.06133333333333333
1 0.706 0.516 0.104 0.06666666666666667
1 0.881 0.496 0.074 0.064
1 0.787 0.4786666666666667 0.058 0.06666666666666667
1 0.937 0.584 0.098 0.096
1 0.301 0.572 0.19 0.08266666666666667
1 0.187 0.5346666666666666 0.11 0.06666666666666667
1 0.186 0.468 0.112 0.06133333333333333
