11 0.24 0.5570934256055363 0.428 0.6505190311418685
11 0.777 0.5674740484429066 0.414 0.6920415224913494
0 0.688 0.5207612456747405 0.456 0.7301038062283737
0 0.209 0.4826989619377163 0.35 0.7439446366782007
0 0.866 0.26124567474048443 0.108 0.4740484429065744
0 0.326 0.26124567474048443 0.128 0.3633217993079585
0 0.573 0.1384083044982699 0.102 0.18685121107266436
0 0.626 0.12110726643598616 0.124 0.23529411764705882
0 0.225 0.1453287197231834 0.102 0.16608996539792387
0 0.037 0.18685121107266436 0.07 0.35294117647058826
0 0.959 0.29238754325259514 0.082 0.39100346020761245
0 0.744 0.13321799307958476 0.092 0.25951557093425603
0 0.81 0.09515570934256055 0.056 0.18339100346020762
0 0.389 0.14013840830449828 0.082 0.27335640138408307
0 0.31 0.058823529411764705 0.08 0.11072664359861592
0 0.251 0.09342560553633218 0.066 0.17993079584775087
0 0.17 0.10553633217993079 0.088 0.2041522491349481
