0 0.079 0.468 0.034 0.19466666666666665
0 0.114 0.48933333333333334 0.06 0.28
0 0.239 0.47733333333333333 0.042 0.21866666666666668
0 0.293 0.504 0.066 0.31466666666666665
0 0.385 0.4746666666666667 0.042 0.17066666666666666
0 0.433 0.488 0.066 0.256
0 0.552 0.48933333333333334 0.044 0.17866666666666667
0 0.68 0.5546666666666666 0.076 0.3626666666666667
0 0.768 0.524 0.06 0.27466666666666667
0 0.852 0.504 0.072 0.21866666666666668
0 0.046 0.792 0.084 0.416
0 0.607 0.48533333333333334 0.034 0.10666666666666667
0 0.973 0.432 0.038 0.08
0 0.928 0.5 0.048 0.17333333333333334
0 0.488 0.5053333333333333 0.032 0.088
0 0.501 0.4706666666666667 0.034 0.136
