2 0.172 0.724 0.34 0.5413333333333333
2 0.41 0.4826666666666667 0.12 0.192
2 0.712 0.45066666666666666 0.12 0.17066666666666666
2 0.64 0.7613333333333333 0.284 0.47733333333333333
2 0.754 0.7253333333333334 0.172 0.5386666666666666
2 0.821 0.408 0.054 0.112
18 0.427 0.724 0.726 0.5413333333333333
18 0.913 0.48933333333333334 0.17 0.232
13 0.095 0.32266666666666666 0.186 0.2826666666666667
0 0.655 0.3333333333333333 0.118 0.336
4 0.065 0.092 0.118 0.17866666666666667
4 0.505 0.5226666666666666 0.15 0.192
3 0.259 0.656 0.046 0.208
