5 0.927 0.428 0.05 0.06133333333333333
5 0.668 0.524 0.08 0.06666666666666667
5 0.747 0.37733333333333335 0.042 0.050666666666666665
5 0.445 0.5066666666666667 0.078 0.08
5 0.348 0.5546666666666666 0.072 0.064
5 0.088 0.524 0.044 0.072
5 0.16 0.49733333333333335 0.044 0.056
5 0.187 0.49466666666666664 0.046 0.056
5 0.132 0.6746666666666666 0.064 0.037333333333333336
5 0.192 0.648 0.04 0.05333333333333334
5 0.266 0.5186666666666667 0.06 0.056
5 0.317 0.484 0.038 0.06133333333333333
5 0.299 0.4493333333333333 0.066 0.04533333333333334
5 0.306 0.4026666666666667 0.064 0.064
5 0.379 0.412 0.074 0.034666666666666665
5 0.296 0.6253333333333333 0.064 0.04533333333333334
5 0.23 0.6106666666666667 0.064 0.037333333333333336
5 0.248 0.6346666666666667 0.052 0.037333333333333336
0 0.363 0.7213333333333334 0.082 0.2906666666666667
0 0.474 0.7426666666666667 0.096 0.232
0 0.5 0.6373333333333333 0.052 0.10133333333333333
0 0.546 0.7506666666666667 0.1 0.216
0 0.518 0.7186666666666667 0.056 0.09333333333333334
