0 0.876 0.30133333333333334 0.036 0.09066666666666667
0 0.924 0.2986666666666667 0.032 0.10133333333333333
0 0.428 0.3293333333333333 0.048 0.11466666666666667
0 0.469 0.31866666666666665 0.038 0.09866666666666667
0 0.578 0.36533333333333334 0.068 0.24533333333333332
0 0.275 0.38266666666666665 0.05 0.31733333333333336
0 0.262 0.4106666666666667 0.06 0.33066666666666666
0 0.197 0.35733333333333334 0.05 0.13866666666666666
0 0.141 0.352 0.046 0.14933333333333335
0 0.095 0.5693333333333334 0.186 0.5253333333333333
0 0.02 0.72 0.036 0.56
