18 0.544 0.8426666666666667 0.632 0.31466666666666665
2 0.776 0.936 0.164 0.128
2 0.776 0.6893333333333334 0.104 0.11466666666666667
2 0.663 0.6733333333333333 0.078 0.09866666666666667
2 0.501 0.66 0.042 0.09333333333333334
2 0.42 0.6253333333333333 0.04 0.034666666666666665
2 0.205 0.624 0.102 0.09066666666666667
2 0.17 0.8026666666666666 0.072 0.30933333333333335
2 0.215 0.8253333333333334 0.086 0.344
2 0.278 0.8306666666666667 0.108 0.33866666666666667
2 0.357 0.8386666666666667 0.126 0.30666666666666664
2 0.472 0.848 0.184 0.304
