18 0.887 0.572 0.226 0.216
18 0.827 0.8506666666666667 0.346 0.2986666666666667
18 0.141 0.6026666666666667 0.254 0.3413333333333333
0 0.929 0.388 0.11 0.17333333333333334
0 0.785 0.5373333333333333 0.162 0.38133333333333336
0 0.669 0.6733333333333333 0.222 0.2906666666666667
0 0.678 0.808 0.276 0.37866666666666665
0 0.519 0.892 0.25 0.216
0 0.294 0.512 0.292 0.5866666666666667
0 0.158 0.392 0.084 0.13866666666666666
0 0.064 0.41333333333333333 0.1 0.128
0 0.033 0.6906666666666667 0.062 0.6186666666666667
