3 0.504 0.576271186440678 0.028 0.15819209039548024
3 0.554 0.6059322033898306 0.028 0.1384180790960452
3 0.59 0.5607344632768362 0.028 0.1553672316384181
3 0.608 0.5706214689265536 0.024 0.0903954802259887
3 0.542 0.6949152542372882 0.04 0.22033898305084745
3 0.417 0.632768361581921 0.022 0.0847457627118644
3 0.413 0.6963276836158192 0.03 0.09887005649717515
3 0.369 0.8418079096045198 0.042 0.1694915254237288
0 0.548 0.481638418079096 0.172 0.211864406779661
0 0.349 0.5324858757062146 0.086 0.2401129943502825
0 0.267 0.5790960451977402 0.102 0.3446327683615819
0 0.19 0.6370056497175142 0.104 0.3531073446327684
0 0.11 0.6850282485875706 0.208 0.4943502824858757
0 0.735 0.5155367231638418 0.106 0.3022598870056497
0 0.884 0.4293785310734463 0.08 0.11864406779661017
0 0.796 0.6214689265536724 0.24 0.4971751412429379
0 0.855 0.71045197740113 0.29 0.5282485875706214
18 0.471 0.7937853107344632 0.598 0.4124293785310734
3 0.638 0.8036723163841808 0.04 0.17231638418079095
4 0.521 0.2245762711864407 0.122 0.20056497175141244
