8 0.695 0.7226666666666667 0.278 0.30933333333333335
8 0.511 0.7133333333333334 0.15 0.2906666666666667
8 0.355 0.76 0.206 0.368
0 0.389 0.6093333333333333 0.106 0.312
0 0.498 0.536 0.1 0.256
0 0.697 0.6 0.154 0.44266666666666665
2 0.439 0.25333333333333335 0.05 0.048
2 0.44 0.2946666666666667 0.056 0.088
2 0.566 0.26 0.052 0.029333333333333333
2 0.585 0.2986666666666667 0.062 0.07466666666666667
2 0.636 0.3426666666666667 0.076 0.09866666666666667
7 0.388 0.38666666666666666 0.076 0.13333333333333333
4 0.592 0.4693333333333333 0.048 0.08533333333333333
4 0.547 0.4693333333333333 0.03 0.058666666666666666
4 0.654 0.37066666666666664 0.044 0.17066666666666666
4 0.949 0.392 0.102 0.224
4 0.785 0.24933333333333332 0.066 0.16266666666666665
13 0.807 0.132 0.038 0.056
4 0.495 0.4026666666666667 0.106 0.10666666666666667
