11 0.461 0.5406626506024096 0.49 0.6837349397590361
0 0.813 0.3990963855421687 0.078 0.5030120481927711
0 0.071 0.37801204819277107 0.134 0.7439759036144579
0 0.687 0.3960843373493976 0.13 0.5271084337349398
0 0.194 0.3539156626506024 0.088 0.35843373493975905
0 0.919 0.47740963855421686 0.162 0.9427710843373494
0 0.349 0.30271084337349397 0.07 0.16566265060240964
0 0.291 0.38403614457831325 0.026 0.1536144578313253
0 0.768 0.31626506024096385 0.04 0.12650602409638553
0 0.581 0.21536144578313254 0.086 0.2620481927710843
