1 0.594 0.8003095975232198 0.812 0.3993808049535604
0 0.079 0.7275541795665634 0.07 0.18575851393188855
0 0.029 0.6811145510835913 0.038 0.09907120743034056
0 0.122 0.6671826625386997 0.016 0.06501547987616099
15 0.034 0.7925696594427245 0.044 0.10526315789473684
15 0.268 0.6037151702786377 0.064 0.09287925696594428
15 0.346 0.5928792569659442 0.052 0.06501547987616099
15 0.559 0.5526315789473685 0.09 0.1393188854489164
15 0.629 0.4984520123839009 0.102 0.10526315789473684
15 0.704 0.5526315789473685 0.144 0.25696594427244585
15 0.886 0.5773993808049536 0.228 0.28173374613003094
1 0.289 0.7105263157894737 0.322 0.21362229102167182
