0 0.485 0.6173333333333333 0.65 0.7653333333333333
0 0.911 0.4746666666666667 0.078 0.16533333333333333
0 0.809 0.448 0.094 0.12266666666666666
18 0.902 0.792 0.196 0.416
18 0.752 0.524 0.116 0.104
18 0.363 0.47333333333333333 0.086 0.056
18 0.313 0.6186666666666667 0.21 0.25066666666666665
18 0.083 0.9293333333333333 0.162 0.14133333333333334
18 0.055 0.5253333333333333 0.102 0.14933333333333335
2 0.908 0.8213333333333334 0.184 0.35733333333333334
2 0.184 0.6093333333333333 0.172 0.2693333333333333
2 0.302 0.4693333333333333 0.064 0.064
2 0.383 0.632 0.166 0.2826666666666667
2 0.084 0.5306666666666666 0.092 0.17066666666666666
2 0.151 0.496 0.078 0.12266666666666666
2 0.249 0.5066666666666667 0.11 0.06933333333333333
2 0.415 0.48 0.094 0.07466666666666667
2 0.436 0.5186666666666667 0.088 0.072
2 0.854 0.5466666666666666 0.108 0.144
2 0.033 0.4573333333333333 0.062 0.013333333333333334
