1 0.442 0.6171171171171171 0.812 0.5735735735735735
0 0.881 0.34984984984984985 0.022 0.08708708708708708
0 0.918 0.32882882882882886 0.02 0.04504504504504504
0 0.825 0.3408408408408408 0.014 0.06306306306306306
1 0.875 0.35285285285285284 0.078 0.06906906906906907
1 0.95 0.3813813813813814 0.1 0.11411411411411411
0 0.979 0.3783783783783784 0.042 0.18018018018018017
1 0.714 0.32432432432432434 0.092 0.07807807807807808
0 0.768 0.35585585585585583 0.068 0.1111111111111111
0 0.825 0.43843843843843844 0.05 0.12612612612612611
0 0.432 0.36186186186186187 0.04 0.06906906906906907
1 0.414 0.11561561561561562 0.112 0.15315315315315314
