1 0.557 0.5180180180180181 0.622 0.7777777777777778
1 0.045 0.4144144144144144 0.086 0.2042042042042042
1 0.875 0.43243243243243246 0.07 0.13813813813813813
0 0.091 0.47597597597597596 0.078 0.32732732732732733
0 0.159 0.527027027027027 0.054 0.23123123123123124
0 0.211 0.5315315315315315 0.05 0.21621621621621623
0 0.945 0.3963963963963964 0.03 0.17417417417417416
0 0.24 0.4294294294294294 0.048 0.1981981981981982
1 0.212 0.38288288288288286 0.104 0.1111111111111111
0 0.131 0.44594594594594594 0.038 0.23723723723723725
