3 0.497 0.47333333333333333 0.042 0.21066666666666667
3 0.545 0.5253333333333333 0.05 0.224
3 0.605 0.456 0.046 0.20266666666666666
3 0.588 0.3413333333333333 0.04 0.144
3 0.48 0.9053333333333333 0.076 0.18933333333333333
3 0.524 0.8733333333333333 0.064 0.25333333333333335
0 0.181 0.6333333333333333 0.358 0.7333333333333333
0 0.249 0.4053333333333333 0.326 0.544
0 0.395 0.34 0.154 0.376
0 0.891 0.6266666666666667 0.218 0.7466666666666667
0 0.862 0.45466666666666666 0.276 0.5253333333333333
0 0.731 0.37733333333333335 0.134 0.376
0 0.667 0.23866666666666667 0.086 0.264
0 0.578 0.188 0.112 0.184
0 0.053 0.33466666666666667 0.102 0.37066666666666664
18 0.581 0.628 0.582 0.744
