0 0.888 0.536096256684492 0.052 0.15240641711229946
0 0.847 0.5347593582887701 0.038 0.1497326203208556
0 0.809 0.5374331550802139 0.042 0.13903743315508021
0 0.758 0.24866310160427807 0.04 0.06417112299465241
0 0.511 0.2927807486631016 0.034 0.14171122994652408
0 0.533 0.2887700534759358 0.03 0.1443850267379679
0 0.375 0.2927807486631016 0.026 0.13636363636363635
0 0.354 0.2553475935828877 0.024 0.045454545454545456
0 0.29 0.2914438502673797 0.036 0.13368983957219252
0 0.259 0.30213903743315507 0.03 0.12834224598930483
0 0.233 0.29411764705882354 0.05 0.12834224598930483
0 0.195 0.29545454545454547 0.038 0.14171122994652408
0 0.082 0.2553475935828877 0.028 0.045454545454545456
0 0.042 0.24064171122994651 0.036 0.0748663101604278
0 0.685 0.25668449197860965 0.022 0.03208556149732621
10 0.501 0.49866310160427807 0.998 0.9919786096256684
