0 0.296 0.37915407854984895 0.104 0.2326283987915408
0 0.401 0.33534743202416917 0.038 0.07854984894259819
0 0.487 0.5468277945619335 0.126 0.6163141993957704
0 0.528 0.4818731117824773 0.088 0.44410876132930516
0 0.268 0.47583081570996977 0.192 0.3413897280966767
0 0.384 0.6435045317220544 0.196 0.6888217522658611
0 0.219 0.5589123867069486 0.43 0.8821752265861027
0 0.606 0.5589123867069486 0.28 0.8821752265861027
0 0.738 0.43051359516616317 0.072 0.44410876132930516
0 0.868 0.5740181268882175 0.2 0.8036253776435045
