9 0.862 0.6234939759036144 0.276 0.4457831325301205
9 0.704 0.6385542168674698 0.136 0.35542168674698793
9 0.523 0.6430722891566265 0.102 0.4307228915662651
9 0.379 0.6716867469879518 0.102 0.2891566265060241
9 0.118 0.7620481927710844 0.224 0.3132530120481928
9 0.194 0.6716867469879518 0.1 0.3192771084337349
0 0.853 0.5045180722891566 0.11 0.35240963855421686
0 0.696 0.5225903614457831 0.112 0.29819277108433734
0 0.522 0.5346385542168675 0.12 0.33433734939759036
0 0.381 0.5542168674698795 0.11 0.3072289156626506
0 0.195 0.5783132530120482 0.094 0.30120481927710846
0 0.113 0.6069277108433735 0.102 0.35240963855421686
