10 0.839 0.4144144144144144 0.102 0.5765765765765766
10 0.743 0.43243243243243246 0.074 0.3783783783783784
10 0.681 0.44744744744744747 0.126 0.5825825825825826
10 0.618 0.4594594594594595 0.06 0.25825825825825827
10 0.517 0.42342342342342343 0.066 0.4264264264264264
10 0.475 0.4594594594594595 0.03 0.21621621621621623
10 0.453 0.46996996996997 0.05 0.2672672672672673
10 0.397 0.46396396396396394 0.046 0.24324324324324326
10 0.377 0.4954954954954955 0.07 0.3483483483483483
10 0.308 0.4774774774774775 0.068 0.32432432432432434
10 0.114 0.6876876876876877 0.056 0.03003003003003003
10 0.033 0.7132132132132132 0.05 0.03903903903903904
