8 0.209 0.551051051051051 0.118 0.21921921921921922
8 0.404 0.503003003003003 0.044 0.12312312312312312
0 0.209 0.4594594594594595 0.11 0.34234234234234234
0 0.319 0.44894894894894893 0.062 0.23123123123123124
0 0.397 0.46396396396396394 0.066 0.1891891891891892
8 0.317 0.496996996996997 0.05 0.12312312312312312
0 0.529 0.46546546546546547 0.022 0.0960960960960961
0 0.503 0.46396396396396394 0.03 0.09309309309309309
0 0.44 0.4339339339339339 0.028 0.057057057057057055
0 0.592 0.47147147147147145 0.024 0.06006006006006006
0 0.564 0.466966966966967 0.024 0.06906906906906907
0 0.611 0.4744744744744745 0.022 0.07207207207207207
