0 0.4 0.6186666666666667 0.792 0.7626666666666667
0 0.403 0.624 0.25 0.752
0 0.425 0.45466666666666666 0.33 0.6213333333333333
0 0.7 0.388 0.344 0.424
0 0.71 0.5866666666666667 0.384 0.8266666666666667
0 0.955 0.7266666666666667 0.09 0.5466666666666666
3 0.154 0.6546666666666666 0.056 0.28
3 0.46 0.8746666666666667 0.048 0.18666666666666668
3 0.815 0.30666666666666664 0.046 0.16
3 0.324 0.16666666666666666 0.064 0.14133333333333334
3 0.485 0.4226666666666667 0.038 0.12533333333333332
3 0.563 0.676 0.074 0.17866666666666667
3 0.075 0.8653333333333333 0.078 0.11466666666666667
