18 0.529 0.9093333333333333 0.686 0.176
3 0.149 0.492 0.026 0.07733333333333334
3 0.55 0.8133333333333334 0.06 0.256
3 0.615 0.9293333333333333 0.034 0.14133333333333334
3 0.566 0.92 0.036 0.16
18 0.198 0.6266666666666667 0.216 0.23466666666666666
2 0.239 0.6373333333333333 0.122 0.25066666666666665
2 0.097 0.648 0.146 0.24533333333333332
2 0.88 0.8693333333333333 0.216 0.2613333333333333
2 0.364 0.7946666666666666 0.2 0.17066666666666666
2 0.293 0.584 0.054 0.21866666666666668
2 0.039 0.7586666666666667 0.062 0.344
