8 0.914 0.7140718562874252 0.172 0.2964071856287425
8 0.628 0.6601796407185628 0.228 0.26646706586826346
8 0.685 0.6616766467065869 0.234 0.25149700598802394
8 0.421 0.6377245508982036 0.202 0.2634730538922156
8 0.357 0.5643712574850299 0.17 0.20059880239520958
8 0.211 0.5419161676646707 0.178 0.2634730538922156
8 0.054 0.46407185628742514 0.1 0.19760479041916168
0 0.051 0.36077844311377244 0.098 0.24850299401197604
0 0.23 0.4416167664670659 0.136 0.3203592814371258
0 0.352 0.4505988023952096 0.104 0.23652694610778444
0 0.448 0.5329341317365269 0.14 0.32335329341317365
0 0.64 0.5419161676646707 0.152 0.2874251497005988
0 0.709 0.5494011976047904 0.142 0.3083832335329341
0 0.943 0.6422155688622755 0.114 0.3323353293413174
0 0.677 0.13622754491017963 0.062 0.12874251497005987
0 0.603 0.1317365269461078 0.066 0.11377245508982035
0 0.508 0.11377245508982035 0.072 0.12574850299401197
