15 0.68 0.7440119760479041 0.14 0.4880239520958084
15 0.522 0.5688622754491018 0.092 0.33532934131736525
15 0.555 0.25449101796407186 0.054 0.1377245508982036
15 0.438 0.22305389221556887 0.044 0.09880239520958084
15 0.837 0.4311377245508982 0.23 0.281437125748503
15 0.301 0.7904191616766467 0.366 0.41916167664670656
15 0.333 0.6017964071856288 0.334 0.3652694610778443
15 0.396 0.4416167664670659 0.12 0.08682634730538923
15 0.183 0.5733532934131736 0.202 0.3323353293413174
15 0.101 0.4416167664670659 0.198 0.3203592814371258
15 0.798 0.5479041916167665 0.22 0.3473053892215569
