2 0.848 0.7986666666666666 0.12 0.216
2 0.659 0.8053333333333333 0.126 0.24
2 0.711 0.664 0.098 0.08533333333333333
2 0.332 0.7013333333333334 0.084 0.14933333333333335
2 0.486 0.7253333333333334 0.1 0.17066666666666666
2 0.557 0.692 0.062 0.16266666666666665
8 0.811 0.6026666666666667 0.082 0.06933333333333333
8 0.556 0.6186666666666667 0.128 0.10666666666666667
2 0.051 0.688 0.07 0.11733333333333333
2 0.298 0.6373333333333333 0.052 0.10133333333333333
2 0.343 0.6213333333333333 0.046 0.10666666666666667
2 0.264 0.6133333333333333 0.04 0.096
