18 0.494 0.7373333333333333 0.984 0.5253333333333333
18 0.953 0.30266666666666664 0.094 0.15733333333333333
18 0.369 0.37733333333333335 0.442 0.18933333333333333
2 0.72 0.9346666666666666 0.36 0.13066666666666665
2 0.96 0.5586666666666666 0.08 0.264
2 0.737 0.44 0.166 0.10666666666666667
2 0.464 0.44 0.152 0.10666666666666667
2 0.16 0.484 0.16 0.136
2 0.049 0.44266666666666665 0.07 0.22933333333333333
2 0.035 0.30533333333333335 0.046 0.034666666666666665
2 0.137 0.34 0.07 0.152
2 0.213 0.404 0.138 0.12533333333333332
2 0.443 0.4106666666666667 0.13 0.128
2 0.634 0.38666666666666666 0.084 0.16533333333333333
2 0.692 0.336 0.036 0.11733333333333333
2 0.639 0.284 0.07 0.056
2 0.508 0.272 0.064 0.05333333333333334
2 0.299 0.2693333333333333 0.086 0.037333333333333336
2 0.822 0.364 0.088 0.25333333333333335
2 0.911 0.39466666666666667 0.094 0.2773333333333333
2 0.815 0.25733333333333336 0.038 0.07733333333333334
2 0.902 0.236 0.08 0.04
