11 0.806 0.44410876132930516 0.24 0.2054380664652568
11 0.271 0.554380664652568 0.31 0.2990936555891239
0 0.316 0.5241691842900302 0.12 0.36555891238670696
0 0.843 0.40634441087613293 0.094 0.2990936555891239
1 0.931 0.24773413897280966 0.094 0.1027190332326284
1 0.827 0.26132930513595165 0.082 0.0755287009063444
1 0.755 0.24773413897280966 0.122 0.1148036253776435
1 0.651 0.2552870090634441 0.09 0.10574018126888217
1 0.568 0.2583081570996979 0.084 0.09365558912386707
1 0.482 0.26435045317220546 0.088 0.09365558912386707
11 0.322 0.2824773413897281 0.056 0.05740181268882175
1 0.269 0.2719033232628399 0.122 0.09063444108761329
1 0.161 0.2809667673716012 0.11 0.06646525679758308
1 0.094 0.2809667673716012 0.1 0.07250755287009064
1 0.039 0.2824773413897281 0.074 0.0755287009063444
