1 0.516 0.6726726726726727 0.384 0.27627627627627627
1 0.695 0.47897897897897895 0.154 0.2132132132132132
1 0.163 0.53003003003003 0.318 0.1831831831831832
1 0.356 0.2552552552552553 0.18 0.13813813813813813
1 0.546 0.21021021021021022 0.168 0.11411411411411411
1 0.753 0.2882882882882883 0.19 0.13813813813813813
0 0.478 0.4159159159159159 0.036 0.16516516516516516
0 0.902 0.32432432432432434 0.04 0.14414414414414414
0 0.958 0.3108108108108108 0.04 0.1111111111111111
0 0.886 0.6471471471471472 0.072 0.1831831831831832
0 0.941 0.6651651651651652 0.082 0.2012012012012012
0 0.392 0.3813813813813814 0.028 0.15615615615615616
0 0.364 0.3738738738738739 0.032 0.12912912912912913
