5 0.262 0.8453237410071942 0.156 0.09352517985611511
5 0.262 0.9400479616306955 0.152 0.08633093525179857
5 0.654 0.9316546762589928 0.152 0.09352517985611511
5 0.658 0.8309352517985612 0.152 0.10311750599520383
5 0.529 0.7158273381294964 0.05 0.09832134292565947
5 0.769 0.40047961630695444 0.11 0.0671462829736211
5 0.738 0.30335731414868106 0.076 0.08872901678657075
5 0.849 0.1606714628297362 0.11 0.0815347721822542
5 0.784 0.1354916067146283 0.06 0.11750599520383694
5 0.531 0.23501199040767387 0.102 0.07194244604316546
5 0.183 0.18225419664268586 0.122 0.09592326139088729
5 0.079 0.30935251798561153 0.07 0.05755395683453238
