1 0.088 0.9002320185614849 0.064 0.07424593967517401
1 0.553 0.9303944315545244 0.158 0.11136890951276102
1 0.639 0.9489559164733179 0.142 0.08816705336426914
1 0.756 0.9524361948955916 0.26 0.0951276102088167
1 0.45 0.9338747099767981 0.06 0.06264501160092807
1 0.415 0.9245939675174014 0.102 0.08584686774941995
1 0.348 0.925754060324826 0.068 0.06960556844547564
1 0.31 0.919953596287703 0.088 0.06728538283062645
1 0.257 0.9153132250580046 0.082 0.06264501160092807
1 0.19 0.9129930394431555 0.064 0.05336426914153132
1 0.16 0.9118329466357309 0.028 0.05104408352668213
1 0.143 0.9083526682134571 0.046 0.058004640371229696
