18 0.979 0.7687687687687688 0.042 0.3663663663663664
18 0.317 0.496996996996997 0.626 0.4114114114114114
3 0.446 0.23573573573573572 0.04 0.16516516516516516
3 0.363 0.3078078078078078 0.042 0.2072072072072072
3 0.388 0.2987987987987988 0.04 0.2132132132132132
3 0.107 0.4219219219219219 0.054 0.24324324324324326
3 0.057 0.4099099099099099 0.038 0.22522522522522523
3 0.137 0.3738738738738739 0.054 0.1891891891891892
2 0.66 0.36186186186186187 0.072 0.16516516516516516
2 0.619 0.43093093093093093 0.098 0.2012012012012012
2 0.497 0.5915915915915916 0.098 0.42042042042042044
2 0.386 0.5135135135135135 0.116 0.13813813813813813
2 0.845 0.4894894894894895 0.042 0.036036036036036036
2 0.925 0.5315315315315315 0.09 0.3003003003003003
2 0.973 0.46396396396396394 0.054 0.3033033033033033
2 0.977 0.3003003003003003 0.046 0.06006006006006006
0 0.756 0.5690690690690691 0.452 0.8618618618618619
0 0.239 0.5765765765765766 0.462 0.8348348348348348
