6 0.52 0.5966767371601208 0.292 0.6555891238670695
6 0.776 0.22205438066465258 0.152 0.23867069486404835
6 0.936 0.31419939577039274 0.128 0.2537764350453172
6 0.879 0.1404833836858006 0.114 0.1903323262839879
0 0.65 0.20694864048338368 0.132 0.4078549848942598
0 0.564 0.15861027190332327 0.052 0.311178247734139
0 0.468 0.20996978851963746 0.196 0.41389728096676737
0 0.117 0.4984894259818731 0.23 0.9909365558912386
0 0.182 0.1540785498489426 0.084 0.3021148036253776
0 0.277 0.10120845921450151 0.102 0.19637462235649547
6 0.111 0.18882175226586104 0.07 0.1903323262839879
