0 0.649 0.15333333333333332 0.154 0.30133333333333334
0 0.808 0.152 0.124 0.2986666666666667
3 0.668 0.25866666666666666 0.028 0.10133333333333333
3 0.328 0.25733333333333336 0.028 0.11466666666666667
3 0.256 0.2613333333333333 0.032 0.11733333333333333
0 0.14 0.156 0.12 0.30666666666666664
0 0.031 0.208 0.058 0.21333333333333335
2 0.936 0.46266666666666667 0.128 0.30133333333333334
2 0.769 0.4613333333333333 0.162 0.2986666666666667
2 0.207 0.45866666666666667 0.154 0.2773333333333333
2 0.065 0.46 0.126 0.27466666666666667
0 0.423 0.5386666666666666 0.462 0.736
0 0.714 0.6346666666666667 0.4 0.7306666666666667
0 0.943 0.84 0.114 0.32
0 0.526 0.8373333333333334 0.216 0.3253333333333333
0 0.271 0.8586666666666667 0.174 0.2826666666666667
0 0.094 0.8493333333333334 0.184 0.30133333333333334
0 0.016 0.6893333333333334 0.028 0.088
0 0.352 0.22266666666666668 0.244 0.17866666666666667
