7 0.508 0.48338368580060426 0.588 0.5317220543806647
7 0.181 0.6706948640483383 0.358 0.6586102719033232
18 0.646 0.5211480362537765 0.172 0.32326283987915405
18 0.805 0.9154078549848943 0.39 0.1691842900302115
18 0.886 0.7175226586102719 0.228 0.2326283987915408
18 0.947 0.5770392749244713 0.106 0.07250755287009064
18 0.094 0.6525679758308157 0.184 0.27794561933534745
0 0.222 0.620845921450151 0.192 0.7039274924471299
2 0.586 0.8459214501510574 0.176 0.3081570996978852
2 0.749 0.7341389728096677 0.134 0.39274924471299094
2 0.941 0.4879154078549849 0.11 0.17220543806646527
2 0.985 0.35347432024169184 0.03 0.14501510574018128
2 0.738 0.1691842900302115 0.048 0.09667673716012085
2 0.654 0.1419939577039275 0.044 0.09667673716012085
2 0.867 0.15709969788519637 0.05 0.06042296072507553
2 0.747 0.14350453172205438 0.046 0.0755287009063444
