1 0.545 0.5225225225225225 0.486 0.33633633633633636
0 0.212 0.3858858858858859 0.06 0.16516516516516516
0 0.171 0.3918918918918919 0.062 0.15915915915915915
0 0.126 0.3183183183183183 0.036 0.08408408408408409
0 0.084 0.30930930930930933 0.04 0.07807807807807808
0 0.05 0.3108108108108108 0.04 0.06906906906906907
0 0.055 0.3948948948948949 0.062 0.17117117117117117
0 0.088 0.3948948948948949 0.04 0.15915915915915915
0 0.127 0.39039039039039036 0.066 0.16216216216216217
0 0.46 0.4369369369369369 0.052 0.08108108108108109
0 0.066 0.22672672672672672 0.028 0.057057057057057055
0 0.029 0.21921921921921922 0.034 0.05405405405405406
