0 0.1 0.4954268292682927 0.08 0.3018292682926829
0 0.922 0.5152439024390244 0.044 0.21951219512195122
0 0.75 0.5213414634146342 0.056 0.16463414634146342
0 0.709 0.5198170731707317 0.054 0.16158536585365854
0 0.732 0.45426829268292684 0.032 0.07926829268292683
0 0.596 0.4679878048780488 0.04 0.0701219512195122
0 0.445 0.4679878048780488 0.034 0.06402439024390244
0 0.409 0.5198170731707317 0.058 0.15548780487804878
0 0.348 0.46646341463414637 0.044 0.07926829268292683
0 0.308 0.5152439024390244 0.06 0.17073170731707318
0 0.031 0.5152439024390244 0.058 0.17073170731707318
