7 0.575 0.6693333333333333 0.85 0.6026666666666667
0 0.28 0.42933333333333334 0.292 0.5333333333333333
3 0.217 0.8173333333333334 0.05 0.2
3 0.251 0.8026666666666666 0.038 0.176
3 0.265 0.7653333333333333 0.038 0.17066666666666666
3 0.316 0.78 0.052 0.17866666666666667
3 0.327 0.7293333333333333 0.038 0.17866666666666667
3 0.223 0.692 0.03 0.06666666666666667
3 0.184 0.6706666666666666 0.032 0.072
3 0.145 0.6613333333333333 0.034 0.08
3 0.095 0.6053333333333333 0.038 0.18133333333333335
3 0.086 0.6613333333333333 0.04 0.08533333333333333
3 0.036 0.6933333333333334 0.032 0.18133333333333335
