0 0.142 0.40726817042606517 0.096 0.22807017543859648
0 0.315 0.4273182957393484 0.114 0.3233082706766917
0 0.499 0.39473684210526316 0.114 0.3583959899749373
0 0.667 0.31954887218045114 0.15 0.18796992481203006
0 0.119 0.5263157894736842 0.118 0.18045112781954886
0 0.226 0.5213032581453634 0.084 0.12531328320802004
0 0.401 0.5463659147869674 0.094 0.2656641604010025
0 0.686 0.4799498746867168 0.124 0.20300751879699247
0 0.823 0.4473684210526316 0.098 0.15789473684210525
9 0.048 0.7593984962406015 0.088 0.40601503759398494
9 0.131 0.7443609022556391 0.23 0.39598997493734334
9 0.255 0.7593984962406015 0.13 0.3508771929824561
9 0.394 0.7092731829573935 0.196 0.37092731829573933
9 0.646 0.6654135338345865 0.308 0.40852130325814534
9 0.793 0.6390977443609023 0.314 0.41604010025062654
