18 0.45555555555555555 0.7892307692307692 0.5511111111111111 0.40307692307692305
0 0.7122222222222222 0.4323076923076923 0.12222222222222222 0.2123076923076923
0 0.9277777777777778 0.44769230769230767 0.14444444444444443 0.2246153846153846
0 0.7433333333333333 0.6846153846153846 0.2777777777777778 0.5876923076923077
0 0.37555555555555553 0.46153846153846156 0.1511111111111111 0.2953846153846154
0 0.4955555555555556 0.42615384615384616 0.1511111111111111 0.28615384615384615
0 0.24666666666666667 0.47846153846153844 0.19111111111111112 0.3476923076923077
0 0.16777777777777778 0.6492307692307693 0.32222222222222224 0.7015384615384616
2 0.7911111111111111 0.8584615384615385 0.3688888888888889 0.28307692307692306
2 0.8922222222222222 0.6646153846153846 0.14 0.20923076923076922
