2 0.791 0.8306666666666667 0.25 0.33866666666666667
2 0.397 0.692 0.166 0.296
2 0.307 0.6466666666666666 0.142 0.25333333333333335
2 0.217 0.5986666666666667 0.118 0.232
2 0.165 0.56 0.102 0.18666666666666668
2 0.081 0.5333333333333333 0.114 0.176
2 0.039 0.512 0.074 0.15466666666666667
13 0.087 0.384 0.026 0.06933333333333333
13 0.109 0.39066666666666666 0.026 0.07733333333333334
13 0.148 0.3933333333333333 0.052 0.07733333333333334
13 0.193 0.4013333333333333 0.042 0.088
13 0.229 0.4093333333333333 0.058 0.09866666666666667
13 0.293 0.4226666666666667 0.086 0.10933333333333334
13 0.392 0.436 0.088 0.12533333333333332
13 0.488 0.4613333333333333 0.116 0.13866666666666666
13 0.666 0.5026666666666667 0.144 0.184
13 0.885 0.544 0.202 0.21866666666666668
