1 0.519 0.38133333333333336 0.962 0.5706666666666667
11 0.507 0.4533333333333333 0.974 0.7146666666666667
0 0.939 0.16666666666666666 0.094 0.24266666666666667
0 0.227 0.12933333333333333 0.102 0.17333333333333334
0 0.1 0.15733333333333333 0.072 0.176
0 0.047 0.14533333333333334 0.058 0.21066666666666667
0 0.731 0.18266666666666667 0.086 0.20533333333333334
0 0.459 0.08533333333333333 0.05 0.05333333333333334
0 0.4 0.096 0.04 0.037333333333333336
0 0.331 0.1 0.058 0.072
0 0.618 0.10266666666666667 0.052 0.050666666666666665
0 0.686 0.10666666666666667 0.028 0.058666666666666666
0 0.716 0.11066666666666666 0.04 0.06666666666666667
0 0.853 0.15866666666666668 0.054 0.12
0 0.989 0.16666666666666666 0.022 0.16266666666666665
