13 0.364 0.48955223880597015 0.124 0.17313432835820897
4 0.072 0.44776119402985076 0.052 0.1373134328358209
4 0.049 0.48955223880597015 0.03 0.06567164179104477
4 0.02 0.5 0.036 0.1044776119402985
4 0.097 0.5701492537313433 0.05 0.10149253731343283
4 0.058 0.5880597014925373 0.04 0.10149253731343283
4 0.027 0.5970149253731343 0.034 0.10746268656716418
4 0.068 0.7164179104477612 0.036 0.05970149253731343
4 0.093 0.6746268656716418 0.054 0.10149253731343283
7 0.632 0.7805970149253731 0.52 0.43283582089552236
