8 0.293 0.4369369369369369 0.126 0.3813813813813814
8 0.397 0.5780780780780781 0.142 0.4114114114114114
8 0.597 0.6141141141141141 0.154 0.36936936936936937
8 0.73 0.39039039039039036 0.112 0.3303303303303303
8 0.495 0.45345345345345345 0.122 0.3063063063063063
8 0.825 0.26576576576576577 0.074 0.24924924924924924
0 0.756 0.2702702702702703 0.176 0.45045045045045046
0 0.862 0.18018018018018017 0.12 0.35435435435435436
0 0.61 0.4744744744744745 0.196 0.4984984984984985
0 0.421 0.43993993993993996 0.182 0.5795795795795796
0 0.533 0.2927927927927928 0.114 0.45345345345345345
0 0.614 0.15465465465465467 0.104 0.2672672672672673
0 0.434 0.07657657657657657 0.152 0.14714714714714713
0 0.347 0.25075075075075076 0.186 0.3633633633633634
0 0.559 0.036036036036036036 0.15 0.06606606606606606
