11 0.893 0.7113095238095238 0.126 0.23809523809523808
11 0.59 0.8779761904761905 0.2 0.23214285714285715
11 0.414 0.78125 0.1 0.2708333333333333
11 0.159 0.7663690476190477 0.106 0.20535714285714285
1 0.374 0.5818452380952381 0.248 0.25297619047619047
1 0.031 0.5669642857142857 0.03 0.14583333333333334
0 0.892 0.5818452380952381 0.14 0.33035714285714285
0 0.595 0.6994047619047619 0.182 0.5476190476190477
0 0.413 0.6205357142857143 0.158 0.4017857142857143
0 0.153 0.6354166666666666 0.13 0.37202380952380953
0 0.17 0.6101190476190477 0.14 0.36904761904761907
0 0.077 0.5297619047619048 0.038 0.13095238095238096
0 0.048 0.5238095238095238 0.04 0.13095238095238096
