1 0.979 0.601145038167939 0.042 0.08778625954198473
1 0.913 0.5858778625954199 0.11 0.11068702290076336
1 0.856 0.5992366412213741 0.064 0.08396946564885496
1 0.792 0.5935114503816794 0.052 0.08778625954198473
1 0.639 0.5820610687022901 0.074 0.09541984732824428
1 0.435 0.5916030534351145 0.07 0.11450381679389313
1 0.344 0.5896946564885496 0.088 0.11068702290076336
1 0.256 0.6030534351145038 0.072 0.1297709923664122
1 0.137 0.5973282442748091 0.098 0.1183206106870229
1 0.042 0.5973282442748091 0.076 0.09541984732824428
10 0.692 0.6564885496183206 0.036 0.1297709923664122
10 0.556 0.6622137404580153 0.044 0.14885496183206107
10 0.51 0.6736641221374046 0.04 0.14122137404580154
10 0.483 0.6793893129770993 0.042 0.183206106870229
10 0.419 0.6622137404580153 0.042 0.14885496183206107
10 0.317 0.666030534351145 0.05 0.14122137404580154
10 0.12 0.6755725190839694 0.048 0.1450381679389313
1 0.706 0.5744274809160306 0.116 0.14885496183206107
