0 0.589 0.6066666666666667 0.586 0.7866666666666666
0 0.77 0.448 0.18 0.5226666666666666
0 0.128 0.6533333333333333 0.252 0.6933333333333334
0 0.946 0.8706666666666667 0.108 0.25866666666666666
0 0.917 0.5893333333333334 0.166 0.5813333333333334
0 0.993 0.092 0.014 0.16266666666666665
0 0.942 0.088 0.044 0.17066666666666666
0 0.885 0.09066666666666667 0.054 0.176
0 0.809 0.08666666666666667 0.038 0.168
0 0.538 0.11733333333333333 0.052 0.176
0 0.414 0.13333333333333333 0.028 0.17066666666666666
0 0.266 0.22133333333333333 0.024 0.128
0 0.238 0.23066666666666666 0.024 0.12
0 0.216 0.23333333333333334 0.016 0.104
0 0.056 0.4226666666666667 0.108 0.296
