18 0.262 0.8191011235955056 0.52 0.36179775280898874
2 0.39 0.7359550561797753 0.156 0.15056179775280898
2 0.221 0.6921348314606741 0.098 0.12134831460674157
2 0.926 0.7460674157303371 0.148 0.19325842696629214
2 0.944 0.6393258426966292 0.104 0.04269662921348315
2 0.945 0.6314606741573033 0.106 0.04943820224719101
2 0.941 0.6191011235955056 0.094 0.051685393258426963
4 0.737 0.5910112359550562 0.038 0.09887640449438202
4 0.343 0.5696629213483146 0.134 0.35280898876404493
4 0.253 0.5101123595505618 0.066 0.0898876404494382
13 0.118 0.5089887640449439 0.036 0.060674157303370786
