5 0.754 0.9213333333333333 0.12 0.14133333333333334
5 0.882 0.9213333333333333 0.06 0.09333333333333334
5 0.986 0.948 0.028 0.09333333333333334
5 0.507 0.9453333333333334 0.062 0.09333333333333334
5 0.616 0.952 0.124 0.08
0 0.404 0.5946666666666667 0.256 0.5493333333333333
0 0.354 0.252 0.16 0.4666666666666667
0 0.115 0.16266666666666665 0.07 0.2773333333333333
0 0.166 0.16 0.084 0.304
0 0.051 0.14 0.094 0.25866666666666666
5 0.09 0.972 0.088 0.056
0 0.99 0.04 0.02 0.064
0 0.966 0.036 0.016 0.06666666666666667
0 0.951 0.04133333333333333 0.022 0.07733333333333334
0 0.928 0.042666666666666665 0.036 0.08
