10 0.501 0.22133333333333333 0.998 0.21866666666666668
10 0.501 0.348 0.998 0.41333333333333333
0 0.095 0.6586666666666666 0.178 0.288
0 0.379 0.6013333333333334 0.114 0.41333333333333333
0 0.492 0.532 0.164 0.25866666666666666
0 0.765 0.4866666666666667 0.118 0.38666666666666666
0 0.893 0.416 0.142 0.25066666666666665
0 0.862 0.09466666666666666 0.12 0.152
0 0.696 0.112 0.156 0.15466666666666667
0 0.522 0.144 0.12 0.15466666666666667
0 0.148 0.19733333333333333 0.116 0.13866666666666666
0 0.386 0.15866666666666668 0.104 0.136
6 0.326 0.8533333333333334 0.144 0.224
