2 0.302 0.74 0.236 0.33866666666666667
2 0.079 0.892 0.142 0.216
2 0.15 0.6733333333333333 0.184 0.2853333333333333
2 0.463 0.5493333333333333 0.102 0.17066666666666666
2 0.567 0.6333333333333333 0.146 0.216
2 0.585 0.4786666666666667 0.066 0.06133333333333333
2 0.652 0.5293333333333333 0.1 0.10933333333333334
2 0.669 0.4573333333333333 0.07 0.050666666666666665
2 0.708 0.45066666666666666 0.04 0.05333333333333334
2 0.742 0.4666666666666667 0.036 0.032
2 0.791 0.5293333333333333 0.094 0.13066666666666665
2 0.935 0.47733333333333333 0.074 0.09066666666666667
2 0.863 0.4746666666666667 0.038 0.07466666666666667
