1 0.595 0.7213333333333334 0.526 0.25866666666666666
1 0.418 0.596 0.448 0.18933333333333333
1 0.751 0.5173333333333333 0.266 0.15466666666666667
1 0.504 0.436 0.184 0.104
1 0.369 0.43733333333333335 0.17 0.112
1 0.247 0.44133333333333336 0.178 0.104
1 0.087 0.43866666666666665 0.134 0.07733333333333334
1 0.731 0.416 0.182 0.07466666666666667
1 0.901 0.4226666666666667 0.17 0.136
0 0.261 0.36533333333333334 0.034 0.05333333333333334
0 0.29 0.372 0.032 0.04533333333333334
0 0.237 0.384 0.026 0.06933333333333333
0 0.773 0.404 0.038 0.10933333333333334
0 0.844 0.416 0.048 0.13333333333333333
0 0.89 0.424 0.044 0.17066666666666666
0 0.949 0.43466666666666665 0.058 0.13333333333333333
