2 0.571 0.9093333333333333 0.302 0.18133333333333335
2 0.897 0.8213333333333334 0.206 0.35733333333333334
2 0.142 0.8173333333333334 0.252 0.36533333333333334
2 0.705 0.7226666666666667 0.142 0.33066666666666666
3 0.537 0.5453333333333333 0.022 0.10933333333333334
3 0.484 0.5826666666666667 0.028 0.11466666666666667
0 0.223 0.712 0.314 0.5706666666666667
0 0.801 0.6693333333333333 0.374 0.56
0 0.667 0.6506666666666666 0.198 0.5866666666666667
0 0.516 0.62 0.16 0.47733333333333333
0 0.319 0.62 0.174 0.5786666666666667
13 0.113 0.30933333333333335 0.066 0.07466666666666667
