2 0.106 0.836 0.208 0.328
2 0.91 0.6826666666666666 0.18 0.3466666666666667
2 0.762 0.528 0.092 0.07466666666666667
2 0.98 0.5386666666666666 0.04 0.128
2 0.859 0.5786666666666667 0.082 0.20266666666666666
2 0.048 0.636 0.092 0.19466666666666665
0 0.596 0.504 0.808 0.992
0 0.726 0.452 0.056 0.07733333333333334
0 0.787 0.456 0.042 0.058666666666666666
0 0.676 0.4493333333333333 0.04 0.06666666666666667
4 0.066 0.4666666666666667 0.072 0.11733333333333333
4 0.155 0.46 0.078 0.168
18 0.759 0.6466666666666666 0.17 0.2
