2 0.865 0.8173333333333334 0.158 0.36533333333333334
2 0.663 0.7453333333333333 0.146 0.32266666666666666
2 0.379 0.7386666666666667 0.162 0.336
2 0.359 0.7053333333333334 0.114 0.31733333333333336
2 0.207 0.9533333333333334 0.13 0.09333333333333334
2 0.123 0.7906666666666666 0.182 0.296
2 0.504 0.588 0.056 0.22133333333333333
2 0.558 0.5746666666666667 0.052 0.20533333333333334
18 0.275 0.7 0.238 0.43466666666666665
18 0.802 0.5946666666666667 0.172 0.176
0 0.417 0.5226666666666666 0.106 0.208
0 0.464 0.4693333333333333 0.076 0.176
0 0.378 0.43866666666666665 0.076 0.11466666666666667
0 0.29 0.46 0.1 0.14666666666666667
0 0.221 0.456 0.09 0.176
0 0.169 0.444 0.09 0.056
0 0.178 0.5573333333333333 0.068 0.14933333333333335
0 0.115 0.47333333333333333 0.038 0.088
0 0.134 0.656 0.248 0.5546666666666666
0 0.611 0.46 0.058 0.136
0 0.642 0.484 0.108 0.15733333333333333
0 0.707 0.66 0.158 0.4186666666666667
0 0.97 0.648 0.06 0.3893333333333333
0 0.834 0.692 0.248 0.552
