17 0.299 0.5946666666666667 0.59 0.15466666666666667
1 0.77 0.8786666666666667 0.092 0.07733333333333334
1 0.402 0.9453333333333334 0.156 0.09333333333333334
1 0.989 0.9133333333333333 0.022 0.06133333333333333
0 0.203 0.96 0.026 0.058666666666666666
0 0.18 0.8973333333333333 0.032 0.088
0 0.931 0.9653333333333334 0.03 0.06933333333333333
0 0.866 0.968 0.028 0.064
0 0.432 0.968 0.02 0.064
0 0.412 0.972 0.02 0.056
0 0.384 0.9786666666666667 0.028 0.042666666666666665
0 0.357 0.9813333333333333 0.03 0.037333333333333336
0 0.329 0.9733333333333334 0.018 0.05333333333333334
0 0.226 0.9826666666666667 0.024 0.034666666666666665
0 0.247 0.9853333333333333 0.026 0.029333333333333333
0 0.28 0.9773333333333334 0.02 0.04533333333333334
0 0.281 0.96 0.022 0.037333333333333336
0 0.276 0.9306666666666666 0.024 0.07466666666666667
0 0.952 0.824 0.016 0.07466666666666667
0 0.94 0.8186666666666667 0.02 0.048
