2 0.22672672672672672 0.421 0.08108108108108109 0.082
2 0.21171171171171171 0.438 0.1111111111111111 0.092
2 0.1981981981981982 0.461 0.11411411411411411 0.094
2 0.1816816816816817 0.499 0.15315315315315314 0.142
2 0.15915915915915915 0.551 0.21021021021021022 0.146
2 0.13663663663663664 0.601 0.26126126126126126 0.166
2 0.13813813813813813 0.717 0.2702702702702703 0.218
2 0.11861861861861862 0.878 0.23123123123123124 0.232
2 0.05405405405405406 0.43 0.1021021021021021 0.056
0 0.5480480480480481 0.505 0.6216216216216216 0.99
