15 0.986 0.548 0.028 0.029333333333333333
15 0.944 0.5453333333333333 0.028 0.029333333333333333
15 0.829 0.5813333333333334 0.102 0.08533333333333333
15 0.728 0.572 0.092 0.06666666666666667
15 0.673 0.54 0.034 0.024
15 0.652 0.568 0.04 0.037333333333333336
15 0.593 0.5693333333333334 0.078 0.06133333333333333
15 0.596 0.528 0.024 0.021333333333333333
15 0.561 0.5546666666666666 0.03 0.021333333333333333
15 0.54 0.54 0.028 0.029333333333333333
15 0.508 0.5746666666666667 0.076 0.06133333333333333
15 0.471 0.5493333333333333 0.046 0.037333333333333336
15 0.366 0.528 0.036 0.02666666666666667
15 0.313 0.5533333333333333 0.062 0.056
15 0.224 0.5706666666666667 0.08 0.08
15 0.114 0.54 0.052 0.029333333333333333
15 0.075 0.5346666666666666 0.034 0.029333333333333333
15 0.015 0.5493333333333333 0.026 0.058666666666666666
15 0.023 0.5093333333333333 0.03 0.021333333333333333
